0.75	0.030070166435701325
0.7692209134033411	0.03951291310671047
0.7869640527584472	0.047885973740385446
0.8033430347333617	0.05789345111856838
0.8184627407315772	0.06564703667130581
0.8324199884910901	0.07666814628062127
0.8453041520484648	0.07792213854225236
0.8571977340377963	0.08278222009727854
0.8681768939892378	0.09731441516475058
0.8783119360100071	0.11185985122092107
0.8876677589706946	0.11198202801962548
0.8963042720796046	0.11209481141965869
0.904276778506222	0.1121989236198304
0.9116363295103049	0.11282788212468309
0.9184300513442402	0.11380149175777074
0.9247014470219495	0.1147002467250734
0.9304906748867015	0.1155299021267867
0.935834805761611	0.11629577058997621
0.9407680603294696	0.11700275628752847
0.9453220282619463	0.11922414806504142
0.9495258705013362	0.12203229923713689
0.9534065059901475	0.124624549487223
0.9569887840442374	0.12701749806700235
0.9602956434732699	0.1292264680170594
0.9633482594674124	0.1312656042866338
0.9661661791908468	0.13314796430958786
0.9687674469503544	0.13488560161656157
0.9711687197404844	0.13648964301872016
0.9733853739051868	0.14022436542332126
0.9754316035989097	0.14406012488986195
0.9773205116776469	0.14760097715423234
0.9790641936019511	0.15086959575961362
0.980673814889175	0.15388691102434385
0.9821596826109035	0.15667224406741842
0.9835313113933992	0.15924343052961165
0.9847974843436955	0.16161693478247008
0.9859663092914666	0.16380795535650186
0.9870452707068186	0.16583052226366019
0.9880412776264504	0.16769758683731834
0.9889607078950768	0.16942110466502186
0.9898094490054085	0.1710121121450635
0.990592935798206	0.17248079715711365
0.9913161852638154	0.17404628018669976
0.9919838286680348	0.17748827746745918
0.992600141208027	0.1806656414215464
0.9931690693881768	0.18359871802598476
0.9936942562911932	0.1863062889847461
0.9941790649062757	0.18880569199578046
0.9946265996637276	0.191112931771474
0.9950397263139075	0.19324278252345026
0.9954210902778164	0.19520888256796315
