0.75	0.049792407792238494
0.7692209134033411	0.0607666025620581
0.7869640527584472	0.07207552108805486
0.8033430347333617	0.08409947268844277
0.8184627407315772	0.09520891946319054
0.8324199884910901	0.09654861467240183
0.8453041520484648	0.10248971703678066
0.8571977340377963	0.12335736547361838
0.8681768939892378	0.13827377144412578
0.8783119360100071	0.13837971800331278
0.8876677589706946	0.13847751900394173
0.8963042720796046	0.13856780070631528
0.904276778506222	0.13940270763712923
0.9116363295103049	0.14022097028485542
0.9184300513442402	0.1409763219106091
0.9247014470219495	0.141673599343612
0.9304906748867015	0.14231726753998356
0.935834805761611	0.14429632127896863
0.9407680603294696	0.14706211353384538
0.9453220282619463	0.14961526157503163
0.9495258705013362	0.15197211426659576
0.9534065059901475	0.1541477635122039
0.9569887840442374	0.15615614089482846
0.9602956434732699	0.15801010688644251
0.9633482594674124	0.15972153319894627
0.9661661791908468	0.1630531800081805
0.9687674469503544	0.16753418741014958
0.9711687197404844	0.17167067859118662
0.9733853739051868	0.17548914121708598
0.9754316035989097	0.1790140264851206
0.9773205116776469	0.18226790569518034
0.9790641936019511	0.18527161478315418
0.980673814889175	0.188044387742053
0.9821596826109035	0.19060397978523144
0.9835313113933992	0.19296678104037027
0.9847974843436955	0.19514792150225227
0.9859663092914666	0.19716136791638056
0.9870452707068186	0.19902001321383603
0.9880412776264504	0.20073575907005164
0.9889607078950768	0.20417992361549886
0.9898094490054085	0.20873684451056393
0.990592935798206	0.21294341267798964
0.9913161852638154	0.21682656451553006
0.9919838286680348	0.2204111654522646
0.992600141208027	0.22372016917223722
0.9931690693881768	0.2267747645963981
0.9936942562911932	0.22959451156403918
0.9941790649062757	0.23219746608254244
0.9946265996637276	0.23460029594747445
0.9950397263139075	0.2368183874733787
0.9954210902778164	0.2388659440187221
