0.75	1176832141.4518237
0.7692209134033411	1424735108.6126046
0.7869640527584472	1737463283.9864058
0.8033430347333617	1926766779.2422447
0.8184627407315772	2314686203.8476605
0.8324199884910901	2347266860.137859
0.8453041520484648	2488770881.4525585
0.8571977340377963	2918576941.4851103
0.8681768939892378	3377058146.8926115
0.8783119360100071	3380178479.6756334
0.8876677589706946	3383058909.8738065
0.8963042720796046	3385717882.0743656
0.904276778506222	3407222588.978815
0.9116363295103049	3431821349.0956035
0.9184300513442402	3454528866.6602545
0.9247014470219495	3475490547.3100457
0.9304906748867015	3494840617.3656044
0.935834805761611	3531125560.077129
0.9407680603294696	3611265717.5752387
0.9453220282619463	3685244406.963746
0.9495258705013362	3753535344.422534
0.9534065059901475	3816575825.1008096
0.9569887840442374	3874769523.298995
0.9602956434732699	3928489077.3624344
0.9633482594674124	3978078475.83899
0.9661661791908468	4023855260.1801853
0.9687674469503544	4144950071.71348
0.9711687197404844	4259180217.9318275
0.9733853739051868	4364627933.156127
0.9754316035989097	4461968442.768795
0.9773205116776469	4551825058.357851
0.9790641936019511	4634773169.039099
0.980673814889175	4711343925.910834
0.9821596826109035	4782027643.234343
0.9835313113933992	4847276938.119036
0.9847974843436955	4907509628.817299
0.9859663092914666	4963111410.187721
0.9870452707068186	5014438323.45897
0.9880412776264504	5061819036.109228
0.9889607078950768	5105556946.460134
0.9898094490054085	5191727962.232782
0.990592935798206	5305582157.982477
0.9913161852638154	5410682827.18375
0.9919838286680348	5507702972.939591
0.992600141208027	5597263855.415652
0.9931690693881768	5679938970.026091
0.9936942562911932	5756257719.762401
0.9941790649062757	5826708805.179768
0.9946265996637276	5891743353.74921
0.9950397263139075	5951777808.61356
0.9954210902778164	6007196595.2452135
