0.75	2968218870.0730247
0.7692209134033411	3622411214.728283
0.7869640527584472	4296557070.639561
0.8033430347333617	5013327389.962809
0.8184627407315772	5675582360.448858
0.8324199884910901	5755444105.972786
0.8453041520484648	6109604367.122749
0.8571977340377963	7353564051.151659
0.8681768939892378	8242759003.524127
0.8783119360100071	8249074676.739014
0.8876677589706946	8254904777.922112
0.8963042720796046	8260286639.625319
0.904276778506222	8310057008.576687
0.9116363295103049	8358835180.578151
0.9184300513442402	8403863108.499562
0.9247014470219495	8445429124.807734
0.9304906748867015	8483799393.915983
0.935834805761611	8601774501.234648
0.9407680603294696	8766648567.89721
0.9453220282619463	8918846513.928658
0.9495258705013362	9059342925.796764
0.9534065059901475	9189037460.20088
0.9569887840442374	9308760604.94632
0.9602956434732699	9419278996.901653
0.9633482594674124	9521300331.091984
0.9661661791908468	9719906049.635466
0.9687674469503544	9987027310.028397
0.9711687197404844	10233611311.964504
0.9733853739051868	10461237034.909153
0.9754316035989097	10671362060.617464
0.9773205116776469	10865331906.63369
0.9790641936019511	11044388642.19737
0.980673814889175	11209678841.726837
0.9821596826109035	11362260926.810003
0.9835313113933992	11503111943.716007
0.9847974843436955	11633133819.82715
0.9859663092914666	11753159139.053188
0.9870452707068186	11863956473.211023
0.9880412776264504	11966235303.508171
0.9889607078950768	12171548415.460682
0.9898094490054085	12443195021.638071
0.990592935798206	12693956444.240892
0.9913161852638154	12925438412.488728
0.9919838286680348	13139123201.272038
0.992600141208027	13336379122.772093
0.9931690693881768	13518469288.33035
0.9936942562911932	13686559696.67345
0.9941790649062757	13841726700.285748
0.9946265996637276	13984963897.740133
0.9950397263139075	14117188496.12086
0.9954210902778164	14239247184.280487
