0.75	8374349.704490537
0.7692209134033411	13489146.721306028
0.7869640527584472	18907071.812199865
0.8033430347333617	23574507.35619764
0.8184627407315772	29313992.709832843
0.8324199884910901	31331791.5548452
0.8453041520484648	38715261.16958288
0.8571977340377963	39173342.1725718
0.8681768939892378	40726448.53787731
0.8783119360100071	46575066.771192424
0.8876677589706946	55936372.39688034
0.8963042720796046	56049960.126595825
0.904276778506222	56154814.81664513
0.9116363295103049	56251607.89502494
0.9184300513442402	56340959.16789443
0.9247014470219495	56903458.704502404
0.9304906748867015	57722399.92466104
0.935834805761611	58478377.95171931
0.9407680603294696	59176233.62600591
0.9453220282619463	59820435.60635852
0.9495258705013362	60415108.98479667
0.9534065059901475	60964061.7011939
0.9569887840442374	62173072.95664936
0.9602956434732699	63961098.777319685
0.9633482594674124	65611654.64014182
0.9661661791908468	67135309.73773727
0.9687674469503544	68541820.66458297
0.9711687197404844	69840193.89252567
0.9733853739051868	71038743.44295028
0.9754316035989097	72145144.1249017
0.9773205116776469	73166480.68006426
0.9790641936019511	74109293.14929713
0.980673814889175	75312570.32934773
0.9821596826109035	77206064.4954885
0.9835313113933992	78953979.91204064
0.9847974843436955	80567509.20516115
0.9859663092914666	82056984.47101441
0.9870452707068186	83431943.4364621
0.9880412776264504	84701190.53307764
0.9889607078950768	85872853.2755674
0.9898094490054085	86954434.3056117
0.990592935798206	87952859.4343873
0.9913161852638154	88874521.99140333
0.9919838286680348	89725323.7636374
0.992600141208027	90510712.78712124
0.9931690693881768	91235718.23297188
0.9936942562911932	91904982.611256
0.9941790649062757	92522791.49890426
0.9946265996637276	93693667.45320147
0.9950397263139075	94938729.60840708
0.9954210902778164	96088066.83614492
