0.75	0.06700208396873518
0.7692209134033411	0.08247938165432868
0.7869640527584472	0.0842208268466303
0.8033430347333617	0.10894601659589438
0.8184627407315772	0.10935339713423158
0.8324199884910901	0.11154452957332521
0.8453041520484648	0.12045438483588308
0.8571977340377963	0.15609221104919066
0.8681768939892378	0.15716008405595702
0.8783119360100071	0.15726297314111023
0.8876677589706946	0.15735795173747993
0.8963042720796046	0.15763916242509662
0.904276778506222	0.15848860306879173
0.9116363295103049	0.15927273561227187
0.9184300513442402	0.1599965811808921
0.9247014470219495	0.160664774857545
0.9304906748867015	0.16132397410034233
0.935834805761611	0.16427395501715764
0.9407680603294696	0.16699713062299837
0.9453220282619463	0.16951093853883134
0.9495258705013362	0.17183147571761292
0.9534065059901475	0.17397360151974411
0.9569887840442374	0.17595103286370792
0.9602956434732699	0.17777643206117824
0.9633482594674124	0.1802462372598938
0.9661661791908468	0.1852414637219543
0.9687674469503544	0.18985263892298573
0.9711687197404844	0.1941092901271102
0.9733853739051868	0.19803867443450374
0.9754316035989097	0.20166595331989423
0.9773205116776469	0.20501435375190102
0.9790641936019511	0.20810531692493475
0.980673814889175	0.21095863555604083
0.9821596826109035	0.21359258062586492
0.9835313113933992	0.21602401837530366
0.9847974843436955	0.21826851830703226
0.9859663092914666	0.22034045288347473
0.9870452707068186	0.2222530895596323
0.9880412776264504	0.22717205828585335
0.9889607078950768	0.2319656898441247
0.9898094490054085	0.23639076949411864
0.990592935798206	0.2404756328530913
0.9913161852638154	0.24424643699251497
0.9919838286680348	0.24772732793263952
0.992600141208027	0.2509405952594576
0.9931690693881768	0.2539068148541534
0.9936942562911932	0.2566449806489891
0.9941790649062757	0.259172626253319
0.9946265996637276	0.2615059372285485
0.9950397263139075	0.26365985473098613
0.9954210902778164	0.26564817118625356
