0.75	0.043514520357452506
0.7692209134033411	0.052680975224909304
0.7869640527584472	0.06424440561937847
0.8033430347333617	0.07124408765379742
0.8184627407315772	0.08558778808860973
0.8324199884910901	0.08679248974610354
0.8453041520484648	0.09202473944363779
0.8571977340377963	0.10791723922357227
0.8681768939892378	0.12487003057204922
0.8783119360100071	0.12498540793099977
0.8876677589706946	0.1250919146570499
0.8963042720796046	0.12519023275686694
0.904276778506222	0.1259853903442696
0.9116363295103049	0.12689495357777333
0.9184300513442402	0.12773458626669296
0.9247014470219495	0.12850966492679522
0.9304906748867015	0.12922515270767107
0.935834805761611	0.13056682398148736
0.9407680603294696	0.1335300847491605
0.9453220282619463	0.13626551920240587
0.9495258705013362	0.13879064346066577
0.9534065059901475	0.14112162694012295
0.9569887840442374	0.143273395893167
0.9602956434732699	0.14525972898736939
0.9633482594674124	0.14709334553599612
0.9661661791908468	0.14878598694503872
0.9687674469503544	0.15326358613360844
0.9711687197404844	0.15748735760276705
0.9733853739051868	0.16138639008934916
0.9754316035989097	0.1649856507128054
0.9773205116776469	0.16830818702922348
0.9790641936019511	0.17137527461437266
0.980673814889175	0.17420655330002288
0.9821596826109035	0.17682015293592315
0.9835313113933992	0.1792328094827325
0.9847974843436955	0.18145997217930898
0.9859663092914666	0.18351590247058147
0.9870452707068186	0.1854137653294864
0.9880412776264504	0.18716571355774156
0.9889607078950768	0.18878296560526717
0.9898094490054085	0.1919692232608708
0.990592935798206	0.19617909359345662
0.9913161852638154	0.20006529371363568
0.9919838286680348	0.20365270856990164
0.992600141208027	0.20696430986499215
0.9931690693881768	0.21002130315320436
0.9936942562911932	0.21284326362834824
0.9941790649062757	0.21544826147181012
0.9946265996637276	0.21785297756341138
0.9950397263139075	0.22007281029598824
0.9954210902778164	0.22212197417767268
