0.75	345267452.27783245
0.7692209134033411	453689635.1937705
0.7869640527584472	549829618.9527047
0.8033430347333617	664736073.6769111
0.8184627407315772	753763207.4487239
0.8324199884910901	880308248.1693919
0.8453041520484648	894706662.4340845
0.8571977340377963	950510409.9775004
0.8681768939892378	1117369944.2497633
0.8783119360100071	1284381512.3474236
0.8876677589706946	1285784353.6687822
0.8963042720796046	1287079339.4239147
0.904276778506222	1288274761.9428153
0.9116363295103049	1295496501.1714063
0.9184300513442402	1306675545.2996829
0.9247014470219495	1316995103.671472
0.9304906748867015	1326521256.691962
0.935834805761611	1335315004.2633567
0.9407680603294696	1343432656.392509
0.9453220282619463	1368938809.847723
0.9495258705013362	1401182169.8195946
0.9534065059901475	1430946542.4720578
0.9569887840442374	1458422521.4074903
0.9602956434732699	1483786046.695763
0.9633482594674124	1507199531.4913573
0.9661661791908468	1528812902.0320458
0.9687674469503544	1548764557.678668
0.9711687197404844	1567182257.1435409
0.9733853739051868	1610064563.5105124
0.9754316035989097	1654106983.474996
0.9773205116776469	1694763261.2786293
0.9790641936019511	1732293735.9024086
0.980673814889175	1766938730.5152602
0.9821596826109035	1798920091.3628626
0.9835313113933992	1828442608.3409767
0.9847974843436955	1855695326.3499486
0.9859663092914666	1880852755.827496
0.9870452707068186	1904075990.2112908
0.9880412776264504	1925513737.4869359
0.9889607078950768	1945303272.4267926
0.9898094490054085	1963571315.6171608
0.990592935798206	1980434844.9026902
0.9913161852638154	1998409814.8239625
0.9919838286680348	2037931033.7841632
0.992600141208027	2074413717.035448
0.9931690693881768	2108091478.3047643
0.9936942562911932	2139179970.2421775
0.9941790649062757	2167878265.334113
0.9946265996637276	2194370130.6469035
0.9950397263139075	2218825204.5634146
0.9954210902778164	2241400083.0478363
