0.75	0.013584999289081181
0.7692209134033411	0.0218823019202304
0.7869640527584472	0.030671343589772852
0.8033430347333617	0.038242929537878355
0.8184627407315772	0.047553611226632785
0.8324199884910901	0.0508269156433689
0.8453041520484648	0.06280449396367456
0.8571977340377963	0.06354760003394161
0.8681768939892378	0.06606707314087779
0.8783119360100071	0.07555479187073787
0.8876677589706946	0.09074084628182229
0.8963042720796046	0.09092511004938453
0.904276778506222	0.09109520694526801
0.9116363295103049	0.09125222617032767
0.9184300513442402	0.09139717318367722
0.9247014470219495	0.09230966861013765
0.9304906748867015	0.0936381676920053
0.935834805761611	0.09486452691063699
0.9407680603294696	0.09599659915189784
0.9453220282619463	0.09704163354309626
0.9495258705013362	0.09800632187214775
0.9534065059901475	0.09889684143786359
0.9569887840442374	0.10085811814894319
0.9602956434732699	0.10375868122068117
0.9633482594674124	0.1064362384059279
0.9661661791908468	0.10890793521201421
0.9687674469503544	0.11118959893702415
0.9711687197404844	0.11329584001853828
0.9733853739051868	0.1152401455903149
0.9754316035989097	0.11703496584599268
0.9773205116776469	0.11869179376283452
0.9790641936019511	0.12022123869602108
0.980673814889175	0.12217321350151428
0.9821596826109035	0.12524486895042733
0.9835313113933992	0.12808036430578632
0.9847974843436955	0.13069785641842163
0.9859663092914666	0.13311410617413344
0.9870452707068186	0.13534458582058367
0.9880412776264504	0.13740357804250444
0.9889607078950768	0.13930426741964272
0.9898094490054085	0.1410588248530822
0.990592935798206	0.14267848550056436
0.9913161852638154	0.14417362071985448
0.9919838286680348	0.14555380448083965
0.992600141208027	0.1468278746716222
0.9931690693881768	0.14800398969117765
0.9936942562911932	0.1490896806909602
0.9941790649062757	0.15009189979998416
0.9946265996637276	0.15199131283717804
0.9950397263139075	0.15401107187402124
0.9954210902778164	0.15587554445669363
