0.75	6908240285.427405
0.7692209134033411	8504024849.84575
0.7869640527584472	8683576307.348707
0.8033430347333617	11232863460.42302
0.8184627407315772	11274866372.567562
0.8324199884910901	11500782769.339888
0.8453041520484648	12419432121.960787
0.8571977340377963	16093865097.011423
0.8681768939892378	16203967990.654346
0.8783119360100071	16214576355.064592
0.8876677589706946	16224369109.660116
0.8963042720796046	16253363297.39005
0.904276778506222	16340944753.47718
0.9116363295103049	16421792627.231552
0.9184300513442402	16496424621.064816
0.9247014470219495	16565318634.535728
0.9304906748867015	16633285278.190289
0.935834805761611	16937442638.73291
0.9407680603294696	17218215270.123604
0.9453220282619463	17477401075.77835
0.9495258705013362	17716659729.729645
0.9534065059901475	17937523304.206543
0.9569887840442374	18141406080.12754
0.9602956434732699	18329613603.326904
0.9633482594674124	18584262515.12622
0.9661661791908468	19099294625.114647
0.9687674469503544	19574729184.758995
0.9711687197404844	20013610598.40379
0.9733853739051868	20418749205.46456
0.9754316035989097	20792739276.194714
0.9773205116776469	21137975623.871983
0.9790641936019511	21456668939.77971
0.980673814889175	21750859949.17824
0.9821596826109035	22022432478.91407
0.9835313113933992	22273125520.342743
0.9847974843436955	22504544364.81095
0.9859663092914666	22718170883.001472
0.9870452707068186	22915373013.96479
0.9880412776264504	23422542581.005337
0.9889607078950768	23916789277.269276
0.9898094490054085	24373036481.737984
0.990592935798206	24794205734.176296
0.9913161852638154	25182993955.697563
0.9919838286680348	25541890718.26645
0.992600141208027	25873194186.459026
0.9931690693881768	26179025833.562172
0.9936942562911932	26461344026.245407
0.9941790649062757	26721956564.793655
0.9946265996637276	26962532259.20089
0.9950397263139075	27184611615.25152
0.9954210902778164	27389616699.01677
