17.216707939626428	0.8784403756056687
17.622173047734595	0.8790336700560545
18.02763815584276	0.8796035245892976
18.433103263950922	0.8801430638182864
18.838568372059086	0.8806437309251867
19.24403348016725	0.8810955975891283
19.649498588275417	0.8814886412986297
20.05496369638358	0.8818159875031819
20.460428804491745	0.8820806906626436
20.86589391259991	0.8823078215807758
21.271359020708072	0.8825613972881935
21.67682412881624	0.8829547755559417
22.082289236924403	0.8836069436123929
22.487754345032567	0.8843929402920542
22.89321945314073	0.8845392691278038
23.298684561248894	0.8837557730483483
23.704149669357058	0.8838551958817245
24.109614777465225	0.8843458981303853
24.51507988557339	0.8843084048408095
24.920544993681553	0.8848215437747713
25.326010101789716	0.8846509108664468
25.73147520989788	0.8840041425204285
26.136940318006047	0.8826448396978636
26.54240542611421	0.88034893928926
26.947870534222375	0.8768250599087852
27.35333564233054	0.8716982791236682
27.758800750438702	0.8644930653339622
28.16426585854687	0.8546179927723484
28.569730966655033	0.8413571393604021
