17.216707939626428	0.7849982970161644
17.622173047734595	0.7859863349444847
18.02763815584276	0.7869593073060924
18.433103263950922	0.7879140444757716
18.838568372059086	0.788846816532903
19.24403348016725	0.7897537059544892
19.649498588275417	0.7906316017950175
20.05496369638358	0.7914803498170114
20.460428804491745	0.7923067718764718
20.86589391259991	0.7931309189079582
21.271359020708072	0.7939922345726155
21.67682412881624	0.7949422435114368
22.082289236924403	0.7959711780026457
22.487754345032567	0.7966863253170755
22.89321945314073	0.7957766376241773
23.298684561248894	0.7929019111636106
23.704149669357058	0.7927434565372434
24.109614777465225	0.7940400353458154
24.51507988557339	0.7941423217592211
24.920544993681553	0.795017152953565
25.326010101789716	0.7945783321102005
25.73147520989788	0.7934840019610753
26.136940318006047	0.7912507298087635
26.54240542611421	0.7875299101870415
26.947870534222375	0.7818782581329916
27.35333564233054	0.7737431422742557
27.758800750438702	0.7624541914398363
28.16426585854687	0.7472288764790374
28.569730966655033	0.7272032400493674
