17.216707939626428	0.9284749788286568
17.622173047734595	0.9287760759475546
18.02763815584276	0.9290497131796714
18.433103263950922	0.9292869492067597
18.838568372059086	0.9294766269579129
19.24403348016725	0.9296057911489722
19.649498588275417	0.9296614382625292
20.05496369638358	0.9296350250880067
20.460428804491745	0.9295320487959297
20.86589391259991	0.9293893814541343
21.271359020708072	0.9292996955637087
21.67682412881624	0.9294252942330729
22.082289236924403	0.9299291182773326
22.487754345032567	0.9306176002180956
22.89321945314073	0.9308472125277757
23.298684561248894	0.9308964580768598
23.704149669357058	0.9311871606764893
24.109614777465225	0.9315714661251285
24.51507988557339	0.931643609354306
24.920544993681553	0.9318830061516772
25.326010101789716	0.9317582976785383
25.73147520989788	0.9313033829946143
26.136940318006047	0.9304030647734899
26.54240542611421	0.9289143143051272
26.947870534222375	0.9266488825468906
27.35333564233054	0.9233605378067972
27.758800750438702	0.9187298809521548
28.16426585854687	0.9123472397687821
28.569730966655033	0.9036951218445569
