17.216707939626428	0.5908220552545408
17.622173047734595	0.5913426543290802
18.02763815584276	0.5918634790621008
18.433103263950922	0.5923860770473524
18.838568372059086	0.592913476646472
19.24403348016725	0.5934514973740209
19.649498588275417	0.5940111191548066
20.05496369638358	0.5946124960570107
20.460428804491745	0.5952908604026593
20.86589391259991	0.5961021734251811
21.271359020708072	0.5971169138631429
21.67682412881624	0.5983584975230298
22.082289236924403	0.5995400426402229
22.487754345032567	0.5991241306819028
22.89321945314073	0.5935005254294116
23.298684561248894	0.583013102731662
23.704149669357058	0.5830238064673761
24.109614777465225	0.5868492984521804
24.51507988557339	0.587226224301646
24.920544993681553	0.5876780263900303
25.326010101789716	0.5862033088324696
25.73147520989788	0.5839934653038048
26.136940318006047	0.5801004119824456
26.54240542611421	0.5740413734851695
26.947870534222375	0.5652367204900226
27.35333564233054	0.5530219488129918
27.758800750438702	0.5366857127230437
28.16426585854687	0.5155455917805133
28.569730966655033	0.489068992642504
