0.75	0.043873129723277386
0.7692209134033411	0.0530920155331671
0.7869640527584472	0.06475693814349104
0.8033430347333617	0.07178781919271206
0.8184627407315772	0.08622378034109639
0.8324199884910901	0.08743142848180449
0.8453041520484648	0.09268858631273623
0.8571977340377963	0.10871078179378911
0.8681768939892378	0.1257753487323337
0.8783119360100071	0.12589108381143757
0.8876677589706946	0.1259979207548087
0.8963042720796046	0.12609654368363263
0.904276778506222	0.12690739581053295
0.9116363295103049	0.1278223408878167
0.9184300513442402	0.12866694164470327
0.9247014470219495	0.1294466064095558
0.9304906748867015	0.13016632769869288
0.935834805761611	0.1314557499838334
0.9407680603294696	0.1344426736507565
0.9453220282619463	0.13719995171310234
0.9495258705013362	0.13974524016398712
0.9534065059901475	0.14209483753926785
0.9569887840442374	0.14426378928381672
0.9602956434732699	0.1462659840937336
0.9633482594674124	0.1481142428514183
0.9661661791908468	0.1498204007229893
0.9687674469503544	0.15379508142577764
0.9711687197404844	0.15806899061371774
0.9733853739051868	0.16201430604807693
0.9754316035989097	0.16565629121718603
0.9773205116776469	0.1690182672600878
0.9790641936019511	0.17212176230145085
0.980673814889175	0.1749866493050628
0.9821596826109035	0.17763127332864792
0.9835313113933992	0.1800725689948658
0.9847974843436955	0.18232616893071446
0.9859663092914666	0.18440650386971247
0.9870452707068186	0.18632689505786051
0.9880412776264504	0.1880996395550971
0.9889607078950768	0.18973608897846284
0.9898094490054085	0.1924868155933144
0.990592935798206	0.1966706561712411
0.9913161852638154	0.20053282779939965
0.9919838286680348	0.20409806156190488
0.992600141208027	0.20738918712676188
0.9931690693881768	0.21042727893369284
0.9936942562911932	0.21323179114249446
0.9941790649062757	0.21582068220607933
0.9946265996637276	0.21821052986588946
0.9950397263139075	0.22041663730603345
0.9954210902778164	0.22245313114591558
