0.75	0.04755922059293523
0.7692209134033411	0.05786287352231117
0.7869640527584472	0.0699901490756818
0.8033430347333617	0.07827351717552761
0.8184627407315772	0.09270687501896303
0.8324199884910901	0.09382077368139534
0.8453041520484648	0.0987839276612326
0.8571977340377963	0.11391490621733863
0.8681768939892378	0.134735604728729
0.8783119360100071	0.13484016628257767
0.8876677589706946	0.13493668876213896
0.8963042720796046	0.13502579024081574
0.904276778506222	0.13565895662844335
0.9116363295103049	0.13646903550159195
0.9184300513442402	0.13721683255125788
0.9247014470219495	0.13790713623158418
0.9304906748867015	0.13854436684286428
0.935834805761611	0.13981021419629208
0.9407680603294696	0.14254684342189092
0.9453220282619463	0.14507307059404062
0.9495258705013362	0.14740507219133803
0.9534065059901475	0.14955778098560307
0.9569887840442374	0.15154498166259936
0.9602956434732699	0.15337939909108525
0.9633482594674124	0.155072779805417
0.9661661791908468	0.15723311638912138
0.9687674469503544	0.16164332711566962
0.9711687197404844	0.1657144647283561
0.9733853739051868	0.16947259840701634
0.9754316035989097	0.1729417930376938
0.9773205116776469	0.17614426331006874
0.9790641936019511	0.17910051596731552
0.980673814889175	0.18182948111926886
0.9821596826109035	0.1843486334597565
0.9835313113933992	0.1866741041642987
0.9847974843436955	0.1888207841847051
0.9859663092914666	0.19080241960200342
0.9870452707068186	0.19263169964829074
0.9880412776264504	0.1943203379611371
0.9889607078950768	0.19587914759086045
0.9898094490054085	0.20046879780037777
0.990592935798206	0.20471341701937026
0.9913161852638154	0.20863169440460988
0.9919838286680348	0.212248720308601
0.992600141208027	0.2155876560458789
0.9931690693881768	0.2186698822044952
0.9936942562911932	0.22151513555477464
0.9941790649062757	0.22414163543202822
0.9946265996637276	0.22656620040250391
0.9950397263139075	0.22880435595962642
0.9954210902778164	0.23087043394016196
