0.75	0.03569931112668941
0.7692209134033411	0.0474446433245646
0.7869640527584472	0.058425609207593744
0.8033430347333617	0.06107609716678682
0.8184627407315772	0.07802662985183519
0.8324199884910901	0.0787677162559851
0.8453041520484648	0.08203774929974324
0.8571977340377963	0.09383781358108716
0.8681768939892378	0.1141045889636201
0.8783119360100071	0.11423496358230073
0.8876677589706946	0.11435531452395879
0.8963042720796046	0.11446641244550636
0.904276778506222	0.11496608500050172
0.9116363295103049	0.11600402487894784
0.9184300513442402	0.11696216414730802
0.9247014470219495	0.11784663816804623
0.9304906748867015	0.11866311059454399
0.935834805761611	0.11941680963781802
0.9407680603294696	0.1215253663985098
0.9453220282619463	0.12451623616604421
0.9495258705013362	0.12727715693836875
0.9534065059901475	0.12982580803437993
0.9569887840442374	0.13217850952234408
0.9602956434732699	0.134350326724052
0.9633482594674124	0.13635516668431216
0.9661661791908468	0.13820586722351752
0.9687674469503544	0.13991427914352458
0.9711687197404844	0.1441683761171563
0.9733853739051868	0.14820470992513224
0.9754316035989097	0.15193071564274777
0.9773205116776469	0.15537025242740868
0.9790641936019511	0.15854534505732748
0.980673814889175	0.16147632496529687
0.9821596826109035	0.16418196042927444
0.9835313113933992	0.1666795767534356
0.9847974843436955	0.1689851672092705
0.9859663092914666	0.17111349544712504
0.9870452707068186	0.17307819003396488
0.9880412776264504	0.17489183172273395
0.9889607078950768	0.1765660340121249
0.9898094490054085	0.17811151751261992
0.990592935798206	0.1800208545545277
0.9913161852638154	0.18385938766496554
0.9919838286680348	0.18740280032535858
0.992600141208027	0.19067378247416011
0.9931690693881768	0.1936932795644576
0.9936942562911932	0.1964806266863782
0.9941790649062757	0.19905367237767574
0.9946265996637276	0.2014288929153137
0.9950397263139075	0.2036214978198803
0.9954210902778164	0.20564552724845284
