0.75	409323118.2532255
0.7692209134033411	543993391.9482272
0.7869640527584472	669899552.4543164
0.8033430347333617	700289662.574353
0.8184627407315772	894642009.3206202
0.8324199884910901	903139198.4334635
0.8453041520484648	940632922.5423716
0.8571977340377963	1075930746.359963
0.8681768939892378	1308306650.3956604
0.8783119360100071	1309801506.844572
0.8876677589706946	1311181433.2680643
0.8963042720796046	1312455265.9064007
0.904276778506222	1318184438.8753252
0.9116363295103049	1330085306.824772
0.9184300513442402	1341071192.565095
0.9247014470219495	1351212443.271523
0.9304906748867015	1360573997.5714316
0.935834805761611	1369215801.3732634
0.9407680603294696	1393392207.0534008
0.9453220282619463	1427685085.5683932
0.9495258705013362	1459341402.2902331
0.9534065059901475	1488563865.722556
0.9569887840442374	1515539599.3986192
0.9602956434732699	1540441340.110766
0.9633482594674124	1563428544.0156293
0.9661661791908468	1584648407.697932
0.9687674469503544	1604236810.731162
0.9711687197404844	1653013668.985346
0.9733853739051868	1699293686.3988037
0.9754316035989097	1742015526.9842238
0.9773205116776469	1781452756.3763485
0.9790641936019511	1817857907.4844203
0.980673814889175	1851464097.5649526
0.9821596826109035	1882486520.9680707
0.9835313113933992	1911123827.1160173
0.9847974843436955	1937559392.5376613
0.9859663092914666	1961962495.1043577
0.9870452707068186	1984489397.9862256
0.9880412776264504	2005284350.2699409
0.9889607078950768	2024480510.6453674
0.9898094490054085	2042200800.075787
0.990592935798206	2064092981.3847365
0.9913161852638154	2108105044.7185867
0.9919838286680348	2148733299.820285
0.992600141208027	2186237906.2298217
0.9931690693881768	2220859021.4712605
0.9936942562911932	2252818338.88077
0.9941790649062757	2282320507.2008343
0.9946265996637276	2309554441.030953
0.9950397263139075	2334694530.525944
0.9954210902778164	2357901758.0883894
