0.75	6845103740.662905
0.7692209134033411	8431532902.205881
0.7869640527584472	8674987625.887688
0.8033430347333617	11153394739.955048
0.8184627407315772	11205676025.580345
0.8324199884910901	11474300720.035244
0.8453041520484648	12435224967.036598
0.8571977340377963	16109027386.745277
0.8681768939892378	16120558622.899632
0.8783119360100071	16131203295.487759
0.8876677589706946	16141029566.755795
0.8963042720796046	16176607790.940903
0.904276778506222	16263811530.752098
0.9116363295103049	16344310728.437862
0.9184300513442402	16418620853.692596
0.9247014470219495	16487217745.01728
0.9304906748867015	16593622790.424675
0.935834805761611	16883082868.328949
0.9407680603294696	17150288197.868721
0.9453220282619463	17396949805.40852
0.9495258705013362	17624647167.354515
0.9534065059901475	17834838324.19598
0.9569887840442374	18028869216.94225
0.9602956434732699	18207982305.740322
0.9633482594674124	18509659719.38941
0.9661661791908468	19005588521.873474
0.9687674469503544	19463388506.090477
0.9711687197404844	19885991154.896706
0.9733853739051868	20276102568.03605
0.9754316035989097	20636220790.416973
0.9773205116776469	20968651808.1285
0.9790641936019511	21275524314.623936
0.980673814889175	21558803341.626537
0.9821596826109035	21820302842.041107
0.9835313113933992	22061697305.445766
0.9847974843436955	22284532480.541832
0.9859663092914666	22490235273.22292
0.9870452707068186	22680122883.644245
0.9880412776264504	23148797030.13421
0.9889607078950768	23658935728.628403
0.9898094490054085	24129853100.13279
0.990592935798206	24564564623.56596
0.9913161852638154	24965853936.80977
0.9919838286680348	25336290661.49541
0.992600141208027	25678246857.35461
0.9931690693881768	25993912211.50045
0.9936942562911932	26285308059.900406
0.9941790649062757	26554300330.827522
0.9946265996637276	26802611493.172203
0.9950397263139075	27031831586.122673
0.9954210902778164	27243428400.845512
