0.75	0.06565858497608133
0.7692209134033411	0.0808756945858205
0.7869640527584472	0.08321092473985499
0.8033430347333617	0.10698393246472505
0.8184627407315772	0.10748541722886319
0.8324199884910901	0.11006207902914626
0.8453041520484648	0.11927931352517235
0.8571977340377963	0.15451861412581092
0.8681768939892378	0.15462922233243637
0.8783119360100071	0.15473132657601682
0.8876677589706946	0.1548255806723014
0.8963042720796046	0.15516684881730833
0.904276778506222	0.15600331154710048
0.9116363295103049	0.15677546396611486
0.9184300513442402	0.15748825048600895
0.9247014470219495	0.15814623537400724
0.9304906748867015	0.1591668780085758
0.935834805761611	0.16194339387193074
0.9407680603294696	0.1645064410513954
0.9453220282619463	0.16687243179931943
0.9495258705013362	0.16905651653412768
0.9534065059901475	0.17107268085472271
0.9569887840442374	0.17293383509606547
0.9602956434732699	0.17465189699939576
0.9633482594674124	0.17754560217171864
0.9661661791908468	0.1823025765951381
0.9687674469503544	0.18669381744473987
0.9711687197404844	0.1907474436539277
0.9733853739051868	0.19448941226977048
0.9754316035989097	0.19794368466672083
0.9773205116776469	0.2011323799812178
0.9790641936019511	0.20407591674967623
0.980673814889175	0.20679314365683055
0.9821596826109035	0.209301460231666
0.9835313113933992	0.21161692826380943
0.9847974843436955	0.21375437465381666
0.9859663092914666	0.21572748635595726
0.9870452707068186	0.21754889802145033
0.9880412776264504	0.2220444443914201
0.9889607078950768	0.2269377208637245
0.9898094490054085	0.23145478436269776
0.990592935798206	0.2356245595162668
0.9913161852638154	0.2394737471212833
0.9919838286680348	0.24302699511978304
0.992600141208027	0.24630705642996334
0.9931690693881768	0.24933493464254133
0.9936942562911932	0.2521300185154401
0.9941790649062757	0.2547102061280338
0.9946265996637276	0.25709201948996524
0.9950397263139075	0.2592907103384046
0.9954210902778164	0.2613203578012496
