0.75	7642803.920938317
0.7692209134033411	13395844.225753542
0.7869640527584472	18966482.72178006
0.8033430347333617	23653547.51425741
0.8184627407315772	29597454.242247764
0.8324199884910901	30706444.654087283
0.8453041520484648	39101241.37201356
0.8571977340377963	39301361.93113252
0.8681768939892378	40849179.433520585
0.8783119360100071	45380733.41113129
0.8876677589706946	55963265.2389553
0.8963042720796046	56079783.88602857
0.904276778506222	56187344.15380077
0.9116363295103049	56286634.795203
0.9184300513442402	56378291.60932462
0.9247014470219495	56635230.210521996
0.9304906748867015	57451382.65333246
0.935834805761611	58204786.3144342
0.9407680603294696	58900265.54942474
0.9453220282619463	59542273.79981697
0.9495258705013362	60134922.110269144
0.9534065059901475	60682005.45330596
0.9569887840442374	61844645.60263709
0.9602956434732699	63627155.39881016
0.9633482594674124	65272619.32925177
0.9661661791908468	66791573.98083205
0.9687674469503544	68193745.8491259
0.9711687197404844	69488113.62119132
0.9733853739051868	70682965.669821
0.9754316035989097	71785953.12742467
0.9773205116776469	72804138.87939794
0.9790641936019511	73744042.79070255
0.980673814889175	75307763.96344346
0.9821596826109035	77174670.28749475
0.9835313113933992	78898042.0323988
0.9847974843436955	80488914.66102067
0.9859663092914666	81957475.18952072
0.9870452707068186	83313127.41903727
0.9880412776264504	84564552.15211938
0.9889607078950768	85719762.7795
0.9898094490054085	86786156.59315464
0.990592935798206	87770562.15422486
0.9913161852638154	88679283.01912266
0.9919838286680348	89518138.10381247
0.992600141208027	90292498.944739
0.9931690693881768	91007324.0950001
0.9936942562911932	91667190.87601465
0.9941790649062757	92504549.68593311
0.9946265996637276	93821276.90155736
0.9950397263139075	95036769.31803149
0.9954210902778164	96158810.23658815
