0.75	1177725468.4506454
0.7692209134033411	1425196225.0965953
0.7869640527584472	1738328124.5606856
0.8033430347333617	1927064322.0816321
0.8184627407315772	2314581675.260014
0.8324199884910901	2346999649.113482
0.8453041520484648	2488122215.6640077
0.8571977340377963	2918220268.7901163
0.8681768939892378	3376299626.665101
0.8783119360100071	3379406406.398243
0.8876677589706946	3382274325.554529
0.8963042720796046	3384921748.607813
0.904276778506222	3406688173.9123483
0.9116363295103049	3431248858.9272327
0.9184300513442402	3453921228.742926
0.9247014470219495	3474850463.931115
0.9304906748867015	3494170583.0507035
0.935834805761611	3528783693.042537
0.9407680603294696	3608964343.409656
0.9453220282619463	3682980412.4274554
0.9495258705013362	3751305855.6330686
0.9534065059901475	3814378189.130278
0.9569887840442374	3872601291.1863046
0.9602956434732699	3926347988.43156
0.9633482594674124	3975962443.2229476
0.9661661791908468	4021762357.4579377
0.9687674469503544	4128458249.047125
0.9711687197404844	4243186597.177978
0.9733853739051868	4349094210.731497
0.9754316035989097	4446859260.009565
0.9773205116776469	4537107775.103432
0.9790641936019511	4620417654.623705
0.980673814889175	4697322366.224366
0.9821596826109035	4768314362.617094
0.9835313113933992	4833848234.949834
0.9847974843436955	4894343623.742203
0.9859663092914666	4950187906.01746
0.9870452707068186	5001738675.837973
0.9880412776264504	5049326034.128109
0.9889607078950768	5093254702.447084
0.9898094490054085	5167094905.128976
0.990592935798206	5279405461.399759
0.9913161852638154	5383081171.765061
0.9919838286680348	5478785914.726555
0.992600141208027	5567132527.381011
0.9931690693881768	5648686729.670242
0.9936942562911932	5723970746.919963
0.9941790649062757	5793466653.864812
0.9946265996637276	5857619461.572584
0.9950397263139075	5916839967.034211
0.9954210902778164	5971507383.66712
