0.75	2895562438.3273344
0.7692209134033411	3522882861.746852
0.7869640527584472	4261231453.9607787
0.8033430347333617	4765550263.935459
0.8184627407315772	5644300762.983734
0.8324199884910901	5712118592.772163
0.8453041520484648	6014291800.416916
0.8571977340377963	6935515752.701475
0.8681768939892378	8203148649.0714245
0.8783119360100071	8209514701.837694
0.8876677589706946	8215391309.208199
0.8963042720796046	8220816101.533207
0.904276778506222	8259365362.567528
0.9116363295103049	8308685640.064255
0.9184300513442402	8354213994.429808
0.9247014470219495	8396241962.568733
0.9304906748867015	8435038666.963192
0.935834805761611	8512107634.947628
0.9407680603294696	8678722661.318558
0.9453220282619463	8832527715.715206
0.9495258705013362	8974507675.585632
0.9534065059901475	9105571697.401346
0.9569887840442374	9226559038.362602
0.9602956434732699	9338244430.509794
0.9633482594674124	9441343041.653461
0.9661661791908468	9572871468.484915
0.9687674469503544	9841379664.491776
0.9711687197404844	10089243969.364502
0.9733853739051868	10318051560.878271
0.9754316035989097	10529267588.78199
0.9773205116776469	10724244556.758759
0.9790641936019511	10904230983.067028
0.980673814889175	11070379395.319902
0.9821596826109035	11223753710.596716
0.9835313113933992	11365336048.144594
0.9847974843436955	11496033018.294687
0.9859663092914666	11616681527.863419
0.9870452707068186	11728054139.213531
0.9880412776264504	11830864017.290564
0.9889607078950768	11925769496.313498
0.9898094490054085	12205202560.734104
0.990592935798206	12463628998.810398
0.9913161852638154	12702186668.137146
0.9919838286680348	12922403152.248524
0.992600141208027	13125688588.475517
0.9931690693881768	13313344697.639029
0.9936942562911932	13486573119.507195
0.9941790649062757	13646483107.392414
0.9946265996637276	13794098631.159777
0.9950397263139075	13930364934.12985
0.9954210902778164	14056154585.86318
