0.75	0.012565267076177892
0.7692209134033411	0.02202363977261418
0.7869640527584472	0.031182132023821585
0.8033430347333617	0.03888797159920057
0.8184627407315772	0.048660141117834524
0.8324199884910901	0.05048339353328747
0.8453041520484648	0.06428498571099377
0.8571977340377963	0.06461399693498641
0.8681768939892378	0.0671587096482626
0.8783119360100071	0.0746088793226148
0.8876677589706946	0.09200725040923512
0.8963042720796046	0.09219881464861322
0.904276778506222	0.0923756507293663
0.9116363295103049	0.09253889100614038
0.9184300513442402	0.09268958077401922
0.9247014470219495	0.09311200455717815
0.9304906748867015	0.09445381229225469
0.935834805761611	0.09569245694621192
0.9407680603294696	0.09683587007364423
0.9453220282619463	0.09789137342225006
0.9495258705013362	0.09886572581701396
0.9534065059901475	0.09976516643976147
0.9569887840442374	0.10167662251543158
0.9602956434732699	0.10460718463458488
0.9633482594674124	0.10731243443087664
0.9661661791908468	0.10980969473889271
0.9687674469503544	0.11211495655040503
0.9711687197404844	0.11424298141131269
0.9733853739051868	0.11620739594593375
0.9754316035989097	0.11802077911392207
0.9773205116776469	0.11969474275855427
0.9790641936019511	0.1212400059621714
0.980673814889175	0.1238108653445944
0.9821596826109035	0.1268801808485083
0.9835313113933992	0.12971351616238871
0.9847974843436955	0.13232901430542635
0.9859663092914666	0.13474342339520848
0.9870452707068186	0.13697220389285078
0.9880412776264504	0.13902962760273196
0.9889607078950768	0.1409288690607667
0.9898094490054085	0.14268208989641382
0.990592935798206	0.14430051670862534
0.9913161852638154	0.1457945129544082
0.9919838286680348	0.1471736453103307
0.992600141208027	0.14844674493191315
0.9931690693881768	0.14962196400317476
0.9936942562911932	0.15070682793844206
0.9941790649062757	0.15208350032125575
0.9946265996637276	0.15424828556263342
0.9950397263139075	0.15624663420536444
0.9954210902778164	0.15809134250324963
